# Made in Blockbench 4.11.2
mtllib materials.mtl

o head
v 0.24673415913940155 1.5482439675762631 -0.21292768484753044
v 0.2486349991914134 1.5265172663625843 -0.7124517956384593
v 0.2902705540357485 1.0506206968373462 -0.1911179911648625
v 0.2921713940877603 1.0288939956236673 -0.6906421019557913
v -0.24946234985445936 1.4829393949887553 -0.7124517956384593
v -0.2513631899064712 1.504666096202434 -0.21292768484753044
v -0.2059259549581125 0.9853161242498383 -0.6906421019557913
v -0.20782679501012435 1.007042825463517 -0.1911179911648625
vt 0.125 0.875
vt 0.25 0.875
vt 0.25 0.75
vt 0.125 0.75
vt 0 0.875
vt 0.125 0.875
vt 0.125 0.75
vt 0 0.75
vt 0.375 0.875
vt 0.5 0.875
vt 0.5 0.75
vt 0.375 0.75
vt 0.25 0.875
vt 0.375 0.875
vt 0.375 0.75
vt 0.25 0.75
vt 0.25 0.875
vt 0.125 0.875
vt 0.125 1
vt 0.25 1
vt 0.375 1
vt 0.25 1
vt 0.25 0.875
vt 0.375 0.875
vn 0.003801680104023666 -0.043453402427357686 -0.9990482215818579
vn 0.9961946980917455 0.08715574274765817 9.974659986866642e-18
vn -0.003801680104023666 0.043453402427357686 0.9990482215818579
vn -0.9961946980917455 -0.08715574274765817 -9.974659986866642e-18
vn -0.0870727897926938 0.9952465414778342 -0.043619387365335945
vn 0.0870727897926938 -0.9952465414778342 0.043619387365335945
usemtl m_711baa8b-e285-70ee-fc17-d4397ecf5eae
f 4/4/1 7/3/1 5/2/1 2/1/1
f 3/8/2 4/7/2 2/6/2 1/5/2
f 8/12/3 3/11/3 1/10/3 6/9/3
f 7/16/4 8/15/4 6/14/4 5/13/4
f 6/20/5 1/19/5 2/18/5 5/17/5
f 7/24/6 4/23/6 3/22/6 8/21/6
o headwear
v 0.2750254162704962 1.5834269577841649 -0.1830705337782642
v 0.2771638613290095 1.558984418918776 -0.7450351584180591
v 0.32400386052888647 1.023600778202883 -0.15853462838526278
v 0.32614230558739976 0.9991582393374945 -0.7204992530250577
v -0.28319565634759736 1.5099593136232181 -0.7450351584180591
v -0.2853341014061107 1.534401852488607 -0.1830705337782642
v -0.2342172120892071 0.9501331340419368 -0.7204992530250577
v -0.23635565714772044 0.9745756729073255 -0.15853462838526278
vt 0.625 0.875
vt 0.75 0.875
vt 0.75 0.75
vt 0.625 0.75
vt 0.5 0.875
vt 0.625 0.875
vt 0.625 0.75
vt 0.5 0.75
vt 0.875 0.875
vt 1 0.875
vt 1 0.75
vt 0.875 0.75
vt 0.75 0.875
vt 0.875 0.875
vt 0.875 0.75
vt 0.75 0.75
vt 0.75 0.875
vt 0.625 0.875
vt 0.625 1
vt 0.75 1
vt 0.875 1
vt 0.75 1
vt 0.75 0.875
vt 0.875 0.875
vn 0.003801680104023666 -0.043453402427357686 -0.9990482215818579
vn 0.9961946980917455 0.08715574274765817 9.974659986866642e-18
vn -0.003801680104023666 0.043453402427357686 0.9990482215818579
vn -0.9961946980917455 -0.08715574274765817 -9.974659986866642e-18
vn -0.0870727897926938 0.9952465414778342 -0.043619387365335945
vn 0.0870727897926938 -0.9952465414778342 0.043619387365335945
usemtl m_711baa8b-e285-70ee-fc17-d4397ecf5eae
f 12/28/7 15/27/7 13/26/7 10/25/7
f 11/32/8 12/31/8 10/30/8 9/29/8
f 16/36/9 11/35/9 9/34/9 14/33/9
f 15/40/10 16/39/10 14/38/10 13/37/10
f 14/44/11 9/43/11 10/42/11 13/41/11
f 15/48/12 12/47/12 11/46/12 16/45/12
o body
v 0.25 1.1292689387254278 -0.27625018376454613
v 0.25 0.9377578279456834 -0.43694708618618094
v 0.25 0.6471782314605234 0.2982831485746873
v 0.25 0.45566712068077897 0.1375862461530525
v -0.25 0.9377578279456834 -0.43694708618618094
v -0.25 1.1292689387254278 -0.27625018376454613
v -0.25 0.45566712068077897 0.1375862461530525
v -0.25 0.6471782314605234 0.2982831485746873
vt 0.3125 0.6875
vt 0.4375 0.6875
vt 0.4375 0.5
vt 0.3125 0.5
vt 0.25 0.6875
vt 0.3125 0.6875
vt 0.3125 0.5
vt 0.25 0.5
vt 0.5 0.6875
vt 0.625 0.6875
vt 0.625 0.5
vt 0.5 0.5
vt 0.4375 0.6875
vt 0.5 0.6875
vt 0.5 0.5
vt 0.4375 0.5
vt 0.4375 0.6875
vt 0.3125 0.6875
vt 0.3125 0.75
vt 0.4375 0.75
vt 0.5625 0.75
vt 0.4375 0.75
vt 0.4375 0.6875
vt 0.5625 0.6875
vn 0 -0.766044443118978 -0.6427876096865393
vn 1 0 0
vn 0 0.766044443118978 0.6427876096865393
vn -1 0 0
vn 0 0.6427876096865393 -0.766044443118978
vn 0 -0.6427876096865393 0.766044443118978
usemtl m_711baa8b-e285-70ee-fc17-d4397ecf5eae
f 20/52/13 23/51/13 21/50/13 18/49/13
f 19/56/14 20/55/14 18/54/14 17/53/14
f 24/60/15 19/59/15 17/58/15 22/57/15
f 23/64/16 24/63/16 22/62/16 21/61/16
f 22/68/17 17/67/17 18/66/17 21/65/17
f 23/72/18 20/71/18 19/70/18 24/69/18
o jacket
v 0.265625 1.515625 0.015625
v 0.265625 1.515625 -0.265625
v 0.265625 0.734375 0.015625
v 0.265625 0.734375 -0.265625
v -0.265625 1.515625 -0.265625
v -0.265625 1.515625 0.015625
v -0.265625 0.734375 -0.265625
v -0.265625 0.734375 0.015625
vt 0.3125 0.4375
vt 0.4375 0.4375
vt 0.4375 0.25
vt 0.3125 0.25
vt 0.25 0.4375
vt 0.3125 0.4375
vt 0.3125 0.25
vt 0.25 0.25
vt 0.5 0.4375
vt 0.625 0.4375
vt 0.625 0.25
vt 0.5 0.25
vt 0.4375 0.4375
vt 0.5 0.4375
vt 0.5 0.25
vt 0.4375 0.25
vt 0.4375 0.4375
vt 0.3125 0.4375
vt 0.3125 0.5
vt 0.4375 0.5
vt 0.5625 0.5
vt 0.4375 0.5
vt 0.4375 0.4375
vt 0.5625 0.4375
vn 0 0 -1
vn 1 0 0
vn 0 0 1
vn -1 0 0
vn 0 1 0
vn 0 -1 0
usemtl m_711baa8b-e285-70ee-fc17-d4397ecf5eae
f 28/76/19 31/75/19 29/74/19 26/73/19
f 27/80/20 28/79/20 26/78/20 25/77/20
f 32/84/21 27/83/21 25/82/21 30/81/21
f 31/88/22 32/87/22 30/86/22 29/85/22
f 30/92/23 25/91/23 26/90/23 29/89/23
f 31/96/24 28/95/24 27/94/24 32/93/24
o right_arm
v 0.2334057756357235 0.765544148631859 -0.2131325657446448
v 0.09867532441425542 0.9022158322839873 -0.052918470230697734
v 0.8091366456286014 0.7696621244785962 0.2675097207971965
v 0.6744061944071333 0.9063338081307244 0.42772381631114365
v 0.18538256809485387 1.1115456359336768 -0.15857303566587255
v 0.32011301931632197 0.9748739522815486 -0.3187871311798198
v 0.7611134380877319 1.115663611780414 0.3220692508759687
v 0.8958438893092 0.9789919281282857 0.16185515536202155
vt 0.6875 0.6875
vt 0.75 0.6875
vt 0.75 0.5
vt 0.6875 0.5
vt 0.625 0.6875
vt 0.6875 0.6875
vt 0.6875 0.5
vt 0.625 0.5
vt 0.8125 0.6875
vt 0.875 0.6875
vt 0.875 0.5
vt 0.8125 0.5
vt 0.75 0.6875
vt 0.8125 0.6875
vt 0.8125 0.5
vt 0.75 0.5
vt 0.75 0.6875
vt 0.6875 0.6875
vt 0.6875 0.75
vt 0.75 0.75
vt 0.8125 0.75
vt 0.75 0.75
vt 0.75 0.6875
vt 0.8125 0.6875
vn -0.5389218048858726 0.5466867346085134 0.6408563820557884
vn -0.346828974722394 -0.8373192145987589 0.42261826174069994
vn 0.5389218048858726 -0.5466867346085134 -0.6408563820557884
vn 0.346828974722394 0.8373192145987589 -0.42261826174069994
vn -0.7676411599905041 -0.005490634462316011 -0.6408563820557885
vn 0.7676411599905041 0.005490634462316011 0.6408563820557885
usemtl m_711baa8b-e285-70ee-fc17-d4397ecf5eae
f 36/100/25 39/99/25 37/98/25 34/97/25
f 35/104/26 36/103/26 34/102/26 33/101/26
f 40/108/27 35/107/27 33/106/27 38/105/27
f 39/112/28 40/111/28 38/110/28 37/109/28
f 38/116/29 33/115/29 34/114/29 37/113/29
f 39/120/30 36/119/30 35/118/30 40/117/30
o right_sleeve
v 0.22441283298217618 0.7438332645120216 -0.22655591734418978
v 0.07284107535802453 0.8975889086206656 -0.046315059890999155
v 0.8241324892247575 0.7481228226857062 0.27411313113689495
v 0.6725607316006058 0.9018784667943502 0.45435398859008547
v 0.17038672449869796 1.1330849377265668 -0.16517644600557113
v 0.3219584821228496 0.9793292936179225 -0.34541730345876154
v 0.7701063807412791 1.1373744959002514 0.3354926024755136
v 0.9216781383654309 0.9836188517916069 0.1552517450223232
vt 0.6875 0.4375
vt 0.75 0.4375
vt 0.75 0.25
vt 0.6875 0.25
vt 0.625 0.4375
vt 0.6875 0.4375
vt 0.6875 0.25
vt 0.625 0.25
vt 0.8125 0.4375
vt 0.875 0.4375
vt 0.875 0.25
vt 0.8125 0.25
vt 0.75 0.4375
vt 0.8125 0.4375
vt 0.8125 0.25
vt 0.75 0.25
vt 0.75 0.4375
vt 0.6875 0.4375
vt 0.6875 0.5
vt 0.75 0.5
vt 0.8125 0.5
vt 0.75 0.5
vt 0.75 0.4375
vt 0.8125 0.4375
vn -0.5389218048858726 0.5466867346085134 0.6408563820557884
vn -0.346828974722394 -0.8373192145987589 0.42261826174069994
vn 0.5389218048858726 -0.5466867346085134 -0.6408563820557884
vn 0.346828974722394 0.8373192145987589 -0.42261826174069994
vn -0.7676411599905041 -0.005490634462316011 -0.6408563820557885
vn 0.7676411599905041 0.005490634462316011 0.6408563820557885
usemtl m_711baa8b-e285-70ee-fc17-d4397ecf5eae
f 44/124/31 47/123/31 45/122/31 42/121/31
f 43/128/32 44/127/32 42/126/32 41/125/32
f 48/132/33 43/131/33 41/130/33 46/129/33
f 47/136/34 48/135/34 46/134/34 45/133/34
f 46/140/35 41/139/35 42/138/35 45/137/35
f 47/144/36 44/143/36 43/142/36 48/141/36
o left_arm
v -0.25 1.002721240237255 -0.14882366006252312
v -0.25 1.0245101759241693 -0.39787233458545956
v -0.25 0.25557521666844574 -0.2141904671232665
v -0.25 0.27736415235536016 -0.46323914164620295
v -0.5 1.0245101759241693 -0.39787233458545956
v -0.5 1.002721240237255 -0.14882366006252312
v -0.5 0.27736415235536016 -0.46323914164620295
v -0.5 0.25557521666844574 -0.2141904671232665
vt 0.5625 0.1875
vt 0.625 0.1875
vt 0.625 0
vt 0.5625 0
vt 0.5 0.1875
vt 0.5625 0.1875
vt 0.5625 0
vt 0.5 0
vt 0.6875 0.1875
vt 0.75 0.1875
vt 0.75 0
vt 0.6875 0
vt 0.625 0.1875
vt 0.6875 0.1875
vt 0.6875 0
vt 0.625 0
vt 0.625 0.1875
vt 0.5625 0.1875
vt 0.5625 0.25
vt 0.625 0.25
vt 0.6875 0.25
vt 0.625 0.25
vt 0.625 0.1875
vt 0.6875 0.1875
vn 0 0.08715574274765786 -0.9961946980917455
vn 1 0 0
vn 0 -0.08715574274765786 0.9961946980917455
vn -1 0 0
vn 0 0.9961946980917455 0.08715574274765786
vn 0 -0.9961946980917455 -0.08715574274765786
usemtl m_711baa8b-e285-70ee-fc17-d4397ecf5eae
f 52/148/37 55/147/37 53/146/37 50/145/37
f 51/152/38 52/151/38 50/150/38 49/149/38
f 56/156/39 51/155/39 49/154/39 54/153/39
f 55/160/40 56/159/40 54/158/40 53/157/40
f 54/164/41 49/163/41 50/162/41 53/161/41
f 55/168/42 52/167/42 51/166/42 56/165/42
o left_sleeve
v -0.234375 1.0169249739145063 -0.13189630942440755
v -0.234375 1.041437526562285 -0.4120760682627109
v -0.234375 0.23864786603033006 -0.19998673344601525
v -0.234375 0.2631604186781088 -0.4801664922843186
v -0.515625 1.041437526562285 -0.4120760682627109
v -0.515625 1.0169249739145063 -0.13189630942440755
v -0.515625 0.2631604186781088 -0.4801664922843186
v -0.515625 0.23864786603033006 -0.19998673344601525
vt 0.8125 0.1875
vt 0.875 0.1875
vt 0.875 0
vt 0.8125 0
vt 0.75 0.1875
vt 0.8125 0.1875
vt 0.8125 0
vt 0.75 0
vt 0.9375 0.1875
vt 1 0.1875
vt 1 0
vt 0.9375 0
vt 0.875 0.1875
vt 0.9375 0.1875
vt 0.9375 0
vt 0.875 0
vt 0.875 0.1875
vt 0.8125 0.1875
vt 0.8125 0.25
vt 0.875 0.25
vt 0.9375 0.25
vt 0.875 0.25
vt 0.875 0.1875
vt 0.9375 0.1875
vn 0 0.08715574274765786 -0.9961946980917455
vn 1 0 0
vn 0 -0.08715574274765786 0.9961946980917455
vn -1 0 0
vn 0 0.9961946980917455 0.08715574274765786
vn 0 -0.9961946980917455 -0.08715574274765786
usemtl m_711baa8b-e285-70ee-fc17-d4397ecf5eae
f 60/172/43 63/171/43 61/170/43 58/169/43
f 59/176/44 60/175/44 58/174/44 57/173/44
f 64/180/45 59/179/45 57/178/45 62/177/45
f 63/184/46 64/183/46 62/182/46 61/181/46
f 62/188/47 57/187/47 58/186/47 61/185/47
f 63/192/48 60/191/48 59/190/48 64/189/48
o right_leg
v 0.21423006528531566 0.47212988035352743 0.3790101046333404
v 0.27387155290573106 0.6243202376057077 0.18985147249122103
v 0.35152363444838897 -0.12288512486489889 -0.056429465722157235
v 0.4111651220688044 0.029305232387281305 -0.2455880978642766
v 0.035442315218674275 0.6243202376057077 0.11467502261515272
v -0.024199172401741104 0.47212988035352743 0.3038336547572721
v 0.17273588438174764 0.029305232387281277 -0.3207645477403449
v 0.11309439676133225 -0.12288512486489889 -0.13160591559822554
vt 0.0625 0.6875
vt 0.125 0.6875
vt 0.125 0.5
vt 0.0625 0.5
vt 0 0.6875
vt 0.0625 0.6875
vt 0.0625 0.5
vt 0 0.5
vt 0.1875 0.6875
vt 0.25 0.6875
vt 0.25 0.5
vt 0.1875 0.5
vt 0.125 0.6875
vt 0.1875 0.6875
vt 0.1875 0.5
vt 0.125 0.5
vt 0.125 0.6875
vt 0.0625 0.6875
vt 0.0625 0.75
vt 0.125 0.75
vt 0.1875 0.75
vt 0.125 0.75
vt 0.125 0.6875
vt 0.1875 0.6875
vn 0.23856595048166152 0.6087614290087205 -0.7566345285684772
vn 0.953716950748227 2.775557561562892e-17 0.3007057995042732
vn -0.23856595048166152 -0.6087614290087205 0.7566345285684772
vn -0.953716950748227 -2.775557561562892e-17 -0.3007057995042732
vn -0.18305809221743113 0.7933533402912352 0.5805860938073303
vn 0.18305809221743113 -0.7933533402912352 -0.5805860938073303
usemtl m_711baa8b-e285-70ee-fc17-d4397ecf5eae
f 68/196/49 71/195/49 69/194/49 66/193/49
f 67/200/50 68/199/50 66/198/50 65/197/50
f 72/204/51 67/203/51 65/202/51 70/201/51
f 71/208/52 72/207/52 70/206/52 69/205/52
f 70/212/53 65/211/53 66/210/53 69/209/53
f 71/216/54 68/215/54 67/214/54 72/213/54
o right_pants
v 0.2225440169735834 0.4750141289673168 0.40460270497521655
v 0.28964069054655067 0.6462282808760196 0.1917992438153323
v 0.36555815151845145 -0.1447931681352107 -0.04898018081176009
v 0.4326548250914188 0.026420983773492 -0.26178364197164433
v 0.021407798148611837 0.6462282808760196 0.10722573770475552
v -0.04568887542435546 0.4750141289673168 0.32002919886463976
v 0.1644219326934799 0.026420983773492 -0.3463571480822211
v 0.0973252591205126 -0.1447931681352107 -0.13355368692233693
vt 0.0625 0.4375
vt 0.125 0.4375
vt 0.125 0.25
vt 0.0625 0.25
vt 0 0.4375
vt 0.0625 0.4375
vt 0.0625 0.25
vt 0 0.25
vt 0.1875 0.4375
vt 0.25 0.4375
vt 0.25 0.25
vt 0.1875 0.25
vt 0.125 0.4375
vt 0.1875 0.4375
vt 0.1875 0.25
vt 0.125 0.25
vt 0.125 0.4375
vt 0.0625 0.4375
vt 0.0625 0.5
vt 0.125 0.5
vt 0.1875 0.5
vt 0.125 0.5
vt 0.125 0.4375
vt 0.1875 0.4375
vn 0.23856595048166152 0.6087614290087205 -0.7566345285684772
vn 0.953716950748227 2.775557561562892e-17 0.3007057995042732
vn -0.23856595048166152 -0.6087614290087205 0.7566345285684772
vn -0.953716950748227 -2.775557561562892e-17 -0.3007057995042732
vn -0.18305809221743113 0.7933533402912352 0.5805860938073303
vn 0.18305809221743113 -0.7933533402912352 -0.5805860938073303
usemtl m_711baa8b-e285-70ee-fc17-d4397ecf5eae
f 76/220/55 79/219/55 77/218/55 74/217/55
f 75/224/56 76/223/56 74/222/56 73/221/56
f 80/228/57 75/227/57 73/226/57 78/225/57
f 79/232/58 80/231/58 78/230/58 77/229/58
f 78/236/59 73/235/59 74/234/59 77/233/59
f 79/240/60 76/239/60 75/238/60 80/237/60
o left_leg
v 0.024296514623312282 0.8262971754018563 0.12364282857766407
v -0.020037242909445835 0.7060552052359589 -0.09101128052265117
v -0.01195416316132665 0.17594594053011092 0.4954346515928429
v -0.05628792069408477 0.05570397036421349 0.28078054249252765
v -0.2657779711955794 0.738407585873774 -0.05837973246763828
v -0.22144421366282124 0.8586495560396714 0.15627437663267696
v -0.3020286489802183 0.08805635100202858 0.31341209054754054
v -0.25769489144746016 0.20829832116792601 0.5280661996478557
vt 0.3125 0.1875
vt 0.375 0.1875
vt 0.375 0
vt 0.3125 0
vt 0.25 0.1875
vt 0.3125 0.1875
vt 0.3125 0
vt 0.25 0
vt 0.4375 0.1875
vt 0.5 0.1875
vt 0.5 0
vt 0.4375 0
vt 0.375 0.1875
vt 0.4375 0.1875
vt 0.4375 0
vt 0.375 0
vt 0.375 0.1875
vt 0.3125 0.1875
vt 0.3125 0.25
vt 0.375 0.25
vt 0.4375 0.25
vt 0.375 0.25
vt 0.375 0.1875
vt 0.4375 0.1875
vn -0.17733503013103247 -0.4809678806635897 -0.858616436401261
vn 0.9829629131445342 -0.12940952255126037 -0.1305261922200516
vn 0.17733503013103247 0.4809678806635897 0.858616436401261
vn -0.9829629131445342 0.12940952255126037 0.1305261922200516
vn 0.048334237046185266 0.867134979828994 -0.4957224306869052
vn -0.048334237046185266 -0.867134979828994 0.4957224306869052
usemtl m_711baa8b-e285-70ee-fc17-d4397ecf5eae
f 84/244/61 87/243/61 85/242/61 82/241/61
f 83/248/62 84/247/62 82/246/62 81/245/62
f 88/252/63 83/251/63 81/250/63 86/249/63
f 87/256/64 88/255/64 86/254/64 85/253/64
f 86/260/65 81/259/65 82/258/65 85/257/65
f 87/264/66 84/263/66 83/262/66 88/261/66
o left_pants
v 0.043181392440839655 0.8453392588071895 0.1272735756635126
v -0.006694084783513236 0.7100670423705548 -0.1142122970743421
v 0.005420269748507435 0.16789005581578803 0.5145567246376572
v -0.04445520747584545 0.03261783937915344 0.2730708518998025
v -0.2831524041054134 0.7464634705880969 -0.07750180551245256
v -0.23327692688106055 0.8817356870247316 0.16398406722540212
v -0.32091352679774565 0.0690142675966954 0.30978134346169206
v -0.2710380495733927 0.20428648403333 0.5512672161995467
vt 0.0625 0.1875
vt 0.125 0.1875
vt 0.125 0
vt 0.0625 0
vt 0 0.1875
vt 0.0625 0.1875
vt 0.0625 0
vt 0 0
vt 0.1875 0.1875
vt 0.25 0.1875
vt 0.25 0
vt 0.1875 0
vt 0.125 0.1875
vt 0.1875 0.1875
vt 0.1875 0
vt 0.125 0
vt 0.125 0.1875
vt 0.0625 0.1875
vt 0.0625 0.25
vt 0.125 0.25
vt 0.1875 0.25
vt 0.125 0.25
vt 0.125 0.1875
vt 0.1875 0.1875
vn -0.17733503013103247 -0.4809678806635897 -0.858616436401261
vn 0.9829629131445342 -0.12940952255126037 -0.1305261922200516
vn 0.17733503013103247 0.4809678806635897 0.858616436401261
vn -0.9829629131445342 0.12940952255126037 0.1305261922200516
vn 0.048334237046185266 0.867134979828994 -0.4957224306869052
vn -0.048334237046185266 -0.867134979828994 0.4957224306869052
usemtl m_711baa8b-e285-70ee-fc17-d4397ecf5eae
f 92/268/67 95/267/67 93/266/67 90/265/67
f 91/272/68 92/271/68 90/270/68 89/269/68
f 96/276/69 91/275/69 89/274/69 94/273/69
f 95/280/70 96/279/70 94/278/70 93/277/70
f 94/284/71 89/283/71 90/282/71 93/281/71
f 95/288/72 92/287/72 91/286/72 96/285/72